0 0.170234 0.399222 0.011719 0.014500
0 0.785410 0.561993 0.099039 0.095264
0 0.276934 0.604681 0.046836 0.076667
0 0.456922 0.587201 0.055906 0.070347
0 0.591023 0.523118 0.037328 0.045514
0 0.386320 0.626479 0.060344 0.094069
0 0.482926 0.471910 0.041492 0.029542
0 0.575605 0.480167 0.052039 0.051056
0 0.613719 0.476444 0.036594 0.034639
0 0.306184 0.413299 0.020102 0.019597
0 0.528711 0.726479 0.068359 0.103097
0 0.718422 0.604090 0.064609 0.080347
0 0.850078 0.562396 0.061766 0.079153
0 0.212875 0.395764 0.027656 0.027444
0 0.250234 0.397958 0.028281 0.021028
0 0.483000 0.436910 0.027266 0.025681
0 0.814684 0.922896 0.159836 0.152153
0 0.779512 0.422361 0.040320 0.050278
0 0.184496 0.390167 0.020398 0.018111
0 0.409348 0.435354 0.029336 0.026681
0 0.373188 0.440507 0.036844 0.029708
0 0.454215 0.519285 0.049320 0.056014
0 0.266062 0.483153 0.042016 0.056833
0 0.346441 0.490444 0.047492 0.061722
0 0.257332 0.552771 0.038195 0.056653
0 0.429590 0.938590 0.111273 0.122819
