0 0.409402 0.675194 0.059086 0.113833
0 0.521508 0.660014 0.071312 0.110250
0 0.674164 0.959000 0.114594 0.082000
0 0.599082 0.464514 0.028898 0.032778
0 0.494457 0.554528 0.051242 0.049750
0 0.419965 0.540153 0.055258 0.067389
0 0.444105 0.464340 0.035133 0.029097
0 0.459117 0.444333 0.026266 0.029111
0 0.488113 0.433417 0.033086 0.036389
0 0.235266 0.520403 0.037203 0.051639
0 0.265098 0.485000 0.037508 0.035861
0 0.230551 0.453701 0.039227 0.036208
0 0.266340 0.395833 0.017898 0.015917
0 0.242832 0.409875 0.029117 0.022333
0 0.226750 0.383313 0.021703 0.016569
0 0.211402 0.404431 0.016898 0.020250
0 0.284801 0.689083 0.060633 0.129056
0 0.312723 0.402361 0.026227 0.014556
0 0.313867 0.424451 0.029781 0.022792
0 0.371684 0.408549 0.030023 0.020625
0 0.366016 0.434986 0.040141 0.026917
0 0.176117 0.393201 0.014578 0.016236
0 0.340656 0.542938 0.051359 0.061986
0 0.850840 0.694007 0.089523 0.083181
0 0.267227 0.587076 0.047422 0.076542
0 0.700340 0.598917 0.066695 0.071306
0 0.715336 0.513646 0.055375 0.059792
0 0.456187 0.604014 0.051344 0.077194
0 0.774734 0.870417 0.118641 0.148306
0 0.576258 0.483083 0.050875 0.052889
0 0.877773 0.645674 0.082687 0.071264
0 0.246949 0.907264 0.098727 0.153556
