0 0.428117 0.436694 0.038937 0.035778
0 0.768801 0.568944 0.067367 0.067306
0 0.608117 0.889674 0.110719 0.182292
0 0.462691 0.949444 0.114289 0.095083
0 0.326355 0.416861 0.034852 0.035861
0 0.762918 0.409319 0.037430 0.050444
0 0.814422 0.519597 0.059906 0.057917
0 0.275813 0.707993 0.062688 0.101264
0 0.271941 0.832722 0.080508 0.161889
0 0.686523 0.742688 0.090188 0.116347
0 0.497332 0.481389 0.042758 0.038750
0 0.772852 0.652861 0.078312 0.090583
0 0.635223 0.557438 0.058961 0.051931
0 0.968035 0.707215 0.063930 0.092486
0 0.597754 0.467868 0.030961 0.041931
0 0.193641 0.398368 0.014219 0.018458
0 0.237504 0.409250 0.028133 0.023778
0 0.265898 0.410833 0.025594 0.022944
0 0.556320 0.466458 0.053766 0.056528
0 0.378473 0.616826 0.059742 0.097486
0 0.480148 0.615243 0.066031 0.090208
0 0.240187 0.537535 0.034844 0.047819
0 0.271418 0.488153 0.038570 0.038528
0 0.307352 0.467958 0.040687 0.031944
0 0.396301 0.448701 0.033555 0.031292
