0 0.474445 0.467375 0.056922 0.043306
0 0.396699 0.429840 0.020930 0.020986
0 0.352063 0.438153 0.024984 0.019639
0 0.245195 0.468882 0.037844 0.045958
0 0.502848 0.649896 0.069930 0.107847
0 0.323359 0.515882 0.047531 0.090819
0 0.282715 0.652715 0.056102 0.099875
0 0.555629 0.460847 0.035242 0.038972
0 0.485961 0.466681 0.033984 0.043111
0 0.835090 0.689382 0.090305 0.084542
0 0.559059 0.775174 0.082117 0.124764
0 0.433504 0.944486 0.122836 0.110583
0 0.384445 0.482507 0.042563 0.042236
0 0.612344 0.502167 0.049844 0.046556
0 0.641805 0.483250 0.035109 0.034917
0 0.622527 0.454875 0.052398 0.045111
0 0.969637 0.721139 0.060727 0.091667
0 0.322902 0.418618 0.029680 0.026681
0 0.303441 0.401937 0.027664 0.023653
0 0.274461 0.407361 0.026953 0.023611
0 0.204020 0.393146 0.034117 0.027903
0 0.262914 0.549597 0.042547 0.069833
0 0.765852 0.602361 0.068687 0.075500
0 0.825617 0.553174 0.072453 0.071042
