0 0.298934 0.523333 0.123211 0.097694
0 0.626020 0.499549 0.052102 0.053181
0 0.491508 0.462472 0.038531 0.040222
0 0.532348 0.674667 0.070008 0.105194
0 0.722699 0.548438 0.064523 0.070153
0 0.836066 0.547944 0.077602 0.057639
0 0.176086 0.392750 0.020234 0.018000
0 0.201012 0.399986 0.020398 0.020472
0 0.216430 0.398472 0.013859 0.018056
0 0.386570 0.428625 0.016734 0.019583
0 0.364988 0.435479 0.036117 0.034069
0 0.430730 0.423215 0.033320 0.024625
0 0.325773 0.422382 0.029188 0.024208
0 0.285672 0.406701 0.025062 0.025153
0 0.244547 0.428563 0.036500 0.033958
0 0.255234 0.455646 0.030391 0.031569
0 0.970832 0.727604 0.058336 0.087542
0 0.352090 0.468292 0.046133 0.060472
0 0.499820 0.556868 0.065250 0.073042
0 0.839027 0.618604 0.091758 0.080875
0 0.595125 0.528715 0.048922 0.060597
0 0.342871 0.543014 0.040086 0.067778
0 0.279227 0.579271 0.102594 0.212708
0 0.440617 0.581764 0.052109 0.067083
0 0.447813 0.457743 0.046500 0.048264
