0 0.419063 0.429549 0.038750 0.038819
0 0.691566 0.499097 0.032180 0.033194
0 0.467348 0.447799 0.040352 0.032264
0 0.219488 0.407556 0.016227 0.012639
0 0.238746 0.402660 0.016867 0.016208
0 0.263371 0.416618 0.017148 0.017097
0 0.296840 0.419674 0.029461 0.028153
0 0.250016 0.447597 0.030578 0.024917
0 0.200836 0.453472 0.014953 0.024444
0 0.256191 0.480472 0.034789 0.039278
0 0.332316 0.484479 0.041039 0.040764
0 0.543582 0.456618 0.047633 0.032153
0 0.469293 0.420833 0.032617 0.019472
0 0.173871 0.398924 0.015117 0.013181
0 0.188840 0.395000 0.012617 0.009972
0 0.409316 0.582924 0.053508 0.068403
0 0.824797 0.925014 0.050750 0.122083
0 0.352504 0.413264 0.024742 0.037472
0 0.390766 0.585007 0.090297 0.082125
0 0.369398 0.587653 0.046719 0.076750
0 0.443539 0.502944 0.049437 0.066778
0 0.401004 0.677424 0.060992 0.114903
0 0.657918 0.699174 0.088586 0.113542
0 0.544996 0.502125 0.044727 0.050056
0 0.308668 0.521285 0.039961 0.057486
0 0.650879 0.573160 0.051320 0.038792
0 0.628617 0.510549 0.052250 0.047597
0 0.920125 0.651618 0.100234 0.102764
0 0.766156 0.642278 0.077375 0.085111
0 0.498109 0.628722 0.066484 0.102194
0 0.597602 0.826569 0.094047 0.139778
0 0.379848 0.476097 0.040258 0.035778
0 0.375199 0.517528 0.043320 0.046083
0 0.530910 0.582000 0.057602 0.067639
0 0.663801 0.970417 0.105680 0.059167
0 0.721320 0.506736 0.015875 0.031250
