0 0.346238 0.497271 0.040680 0.045097
0 0.596445 0.642465 0.075687 0.086764
0 0.561074 0.489674 0.045977 0.040236
0 0.567793 0.445653 0.045273 0.037722
0 0.382117 0.624201 0.050766 0.077236
0 0.830715 0.612056 0.071617 0.062139
0 0.985582 0.636264 0.028383 0.087583
0 0.639145 0.561507 0.038602 0.050625
0 0.307414 0.529340 0.047016 0.072653
0 0.239656 0.521167 0.040266 0.063167
0 0.433043 0.894604 0.099742 0.201208
0 0.176969 0.416465 0.018000 0.033458
0 0.338348 0.427375 0.027367 0.026417
0 0.345434 0.407111 0.021930 0.022639
0 0.853082 0.942514 0.107055 0.108250
0 0.273965 0.839493 0.085648 0.135764
0 0.874926 0.697778 0.079148 0.081972
0 0.507133 0.464465 0.040359 0.037986
0 0.423809 0.421687 0.037070 0.034153
0 0.668086 0.521965 0.043828 0.044931
0 0.191094 0.472104 0.025062 0.031514
0 0.194324 0.439500 0.027477 0.025361
0 0.189043 0.394882 0.022195 0.024431
0 0.248750 0.406153 0.044391 0.030056
0 0.293398 0.464861 0.048078 0.042278
