0 0.255461 0.403847 0.021547 0.022806
0 0.227578 0.406486 0.018750 0.020472
0 0.194398 0.401917 0.025500 0.018139
0 0.661934 0.467924 0.044602 0.037181
0 0.385113 0.483639 0.038539 0.033667
0 0.324660 0.444292 0.039195 0.044250
0 0.990824 0.642319 0.018023 0.057972
0 0.438078 0.582187 0.048578 0.062819
0 0.623305 0.679708 0.078016 0.101861
0 0.292566 0.503799 0.040148 0.049764
0 0.552844 0.472118 0.052297 0.055625
0 0.262273 0.898542 0.121719 0.191667
0 0.778332 0.642958 0.087617 0.117111
0 0.842543 0.615944 0.072773 0.069472
0 0.616543 0.497646 0.051570 0.059653
0 0.285625 0.625569 0.053938 0.103528
0 0.736105 0.518403 0.052773 0.050639
0 0.375586 0.443507 0.028297 0.027208
0 0.341945 0.420549 0.023859 0.016375
0 0.700043 0.537701 0.057023 0.058625
0 0.476270 0.632667 0.059898 0.081889
0 0.298105 0.406215 0.025664 0.016375
0 0.274734 0.464625 0.035219 0.031139
0 0.269742 0.436535 0.035047 0.023069
0 0.236742 0.441750 0.033687 0.026389
0 0.409562 0.452312 0.022687 0.023486
0 0.267555 0.416569 0.016125 0.015500
0 0.229687 0.469535 0.032344 0.029681
0 0.327992 0.540472 0.041828 0.060944
0 0.380234 0.513840 0.045672 0.056014
0 0.544137 0.581764 0.059820 0.078694
0 0.460719 0.521188 0.051844 0.061819
0 0.464141 0.453313 0.035422 0.031264
0 0.516508 0.433604 0.042812 0.033514
