0 0.745027 0.559569 0.055695 0.054778
0 0.866848 0.720812 0.096039 0.097514
0 0.620637 0.550562 0.052273 0.055542
0 0.267316 0.539250 0.040164 0.069194
0 0.502387 0.554028 0.049195 0.056472
0 0.240484 0.466326 0.041906 0.049708
0 0.659371 0.514181 0.059820 0.047861
0 0.396125 0.691528 0.059344 0.093444
0 0.779273 0.545604 0.044672 0.039958
0 0.227262 0.470313 0.069102 0.060264
0 0.289469 0.501903 0.037484 0.041806
0 0.560852 0.510090 0.048672 0.048569
0 0.732031 0.626049 0.074375 0.065153
0 0.453625 0.958993 0.115531 0.081986
0 0.367691 0.513771 0.048102 0.053375
0 0.428926 0.505278 0.046398 0.049722
0 0.438766 0.444208 0.032109 0.030806
0 0.347832 0.430389 0.034570 0.025833
0 0.363469 0.420403 0.018719 0.016056
0 0.222484 0.426285 0.032359 0.023014
0 0.217918 0.403278 0.031602 0.020972
0 0.196113 0.437444 0.018195 0.025528
0 0.510461 0.438604 0.106984 0.133681
