0 0.250734 0.400785 0.015328 0.017292
0 0.282660 0.403257 0.024461 0.021736
0 0.302922 0.422958 0.019109 0.013139
0 0.343562 0.430889 0.024969 0.019028
0 0.363438 0.414812 0.022422 0.021292
0 0.387008 0.429757 0.028797 0.026736
0 0.200508 0.431340 0.012734 0.015403
0 0.204965 0.392840 0.011977 0.012681
0 0.955594 0.604542 0.060469 0.071000
0 0.258871 0.546056 0.041852 0.098833
0 0.565293 0.478840 0.051898 0.052153
0 0.682031 0.497563 0.052500 0.052875
0 0.800590 0.506889 0.063258 0.047667
0 0.567648 0.498556 0.055547 0.091250
0 0.778430 0.655236 0.084578 0.071583
0 0.332496 0.536979 0.043039 0.062375
0 0.301055 0.650069 0.051656 0.093056
0 0.424316 0.566549 0.052336 0.080403
0 0.821996 0.559021 0.068773 0.055764
0 0.504465 0.422625 0.104555 0.077167
0 0.374012 0.510882 0.047398 0.044819
0 0.199105 0.416847 0.009430 0.011778
0 0.709703 0.551840 0.060687 0.062014
0 0.201602 0.448785 0.012734 0.015764
0 0.625227 0.876646 0.119219 0.167375
0 0.468898 0.975972 0.099047 0.048056
0 0.220664 0.395806 0.016516 0.016778
0 0.320445 0.478111 0.038547 0.032750
0 0.275797 0.489889 0.037734 0.039306
0 0.252719 0.947063 0.095656 0.103375
0 0.653945 0.431868 0.119828 0.115208
