0 0.929129 0.608486 0.083602 0.075306
0 0.663152 0.476292 0.043758 0.030861
0 0.840418 0.959729 0.047195 0.068264
0 0.282738 0.782111 0.078508 0.169556
0 0.936516 0.692208 0.085641 0.076556
0 0.979398 0.580125 0.041125 0.071694
0 0.447281 0.573403 0.053781 0.065833
0 0.610254 0.474090 0.050336 0.051625
0 0.596523 0.529813 0.038641 0.048931
0 0.397578 0.657521 0.069687 0.137236
0 0.676910 0.580743 0.062211 0.066819
0 0.522504 0.693181 0.066523 0.116250
0 0.682719 0.721694 0.086203 0.128083
0 0.811191 0.676153 0.085023 0.082917
0 0.678398 0.962993 0.105078 0.073514
0 0.545977 0.583507 0.069594 0.097264
0 0.499082 0.481285 0.044289 0.044986
0 0.537074 0.434653 0.037273 0.030750
0 0.473301 0.425903 0.044695 0.039722
0 0.450109 0.466694 0.030531 0.032472
0 0.285254 0.636576 0.043102 0.061208
0 0.276250 0.589125 0.041813 0.054333
0 0.331414 0.548806 0.042781 0.053750
0 0.342051 0.497153 0.041602 0.040139
0 0.345551 0.468743 0.037008 0.027764
0 0.391547 0.440812 0.032469 0.035792
0 0.378613 0.416111 0.023680 0.025833
0 0.313113 0.418028 0.029914 0.021056
0 0.236758 0.521410 0.034453 0.040042
0 0.202781 0.477153 0.030516 0.047417
0 0.241203 0.469583 0.035172 0.034472
0 0.263230 0.447194 0.039430 0.034194
0 0.264328 0.410521 0.021719 0.024264
0 0.237723 0.402375 0.024664 0.022889
0 0.213613 0.437681 0.035039 0.026750
0 0.190129 0.397090 0.014711 0.015653
0 0.171648 0.394507 0.012516 0.012153
0 0.180324 0.419646 0.007211 0.012069
