0 0.260434 0.455868 0.033023 0.028292
0 0.196004 0.389299 0.021539 0.018875
0 0.333816 0.486021 0.042555 0.046042
0 0.322051 0.417250 0.041477 0.034167
0 0.913605 0.577306 0.082945 0.086500
0 0.251699 0.551090 0.041086 0.049458
0 0.292254 0.506646 0.039008 0.062097
0 0.897281 0.460250 0.070922 0.064389
0 0.328020 0.541375 0.038570 0.062972
0 0.508844 0.566375 0.054641 0.063167
0 0.212672 0.404167 0.018062 0.017222
0 0.260734 0.409174 0.028281 0.023097
0 0.273160 0.398792 0.017570 0.018139
0 0.381773 0.441708 0.015828 0.017667
0 0.293238 0.778486 0.072430 0.150000
0 0.737738 0.492535 0.051555 0.051847
0 0.748547 0.577972 0.070609 0.064361
0 0.544289 0.733528 0.073797 0.110306
0 0.301063 0.596229 0.042797 0.074347
0 0.735090 0.800993 0.117992 0.180431
0 0.432250 0.508562 0.050687 0.069819
0 0.430422 0.574729 0.037906 0.065764
0 0.372668 0.476090 0.039242 0.040597
0 0.401895 0.414688 0.031852 0.033569
0 0.284676 0.436438 0.050195 0.039819
0 0.260879 0.483910 0.033320 0.035125
